16595
16671
17063
17232
17342
17360
17372
17448
17514
17534
17584
17656
17681
17687
17692
17693
17706
17714
17750
17762
17786
17793
17798
17830
17832
17873
17890
17908
17909
17947
17948
17950
17954
17959
17972
17987
17991
17992
17995
17998
17999
18001
18002
18004
18045
18046
18049
18052
18054
18061
18062
18065
18068
18073
18076
18086
18087
18088
18089
18090
18092
18111
18154
18172
18213
18226
18428
18450
18451
19017
19420
19740
19836
22238
22445
22966
23217
23252
23400
24789
25440
