16103
16143
16149
16234
16235
16250
16256
16298
16309
16311
16313
16329
16340
16344
16357
16364
16376
16377
16443
16514
16520
16546
16579
16583
16584
16592
16596
16597
16604
16620
16632
16634
16637
16639
16640
16641
16644
16645
16647
16653
16654
16657
16672
16673
16674
16676
16677
16687
16698
16714
16723
16732
16742
16746
16755
16762
16786
16821
16822
16825
16826
16828
16837
16861
16865
16867
16869
16902
16989
17020
17087
17782
19835
21943
22239
23120
23216
