12526
13228
13247
13507
13562
13616
13617
13661
13719
13736
13747
13776
13782
13783
13788
13790
13799
13801
13805
13808
13817
13834
13844
13857
13862
13866
13875
13888
13890
13891
13892
13895
13899
13902
13943
13944
13946
13980
13983
13985
13988
13993
14016
14045
14051
14053
14061
14078
14090
14116
14118
14121
14122
14135
14150
14151
14164
14181
14186
14201
14203
14227
14283
14290
14333
14342
14490
19837
22235
23173
23229
23878
