14017
15496
15524
15683
15692
15701
15707
15714
15718
15721
15734
15757
15759
15762
15763
15764
15767
15769
15770
15771
15773
15784
15785
15789
15790
15793
15794
15797
15798
15799
15800
15801
15803
15807
15810
15811
15812
15828
15842
15852
15853
15866
15880
15885
15886
15888
15889
15893
15894
15895
15897
15898
15900
15905
15913
15914
15920
15970
15972
15998
15999
16073
16113
16146
16147
16148
16190
16243
16860
17090
17119
17234
17651
19833
23219
24778
24781
