18796
19384
19908
19934
20048
20069
20144
20173
20179
20195
20199
20202
20203
20204
20206
20225
20241
20284
20317
20321
20335
20356
20360
20362
20392
20403
20408
20424
20444
20445
20446
20453
20469
20470
20474
20478
20481
20503
20511
20514
20543
20553
20555
20556
20562
20563
20565
20566
20578
20580
20586
20594
20596
20598
20599
20601
20612
20614
20616
20625
20638
20657
20677
20679
20692
20732
20733
20739
20740
20752
20757
20784
20785
20790
20812
20833
20876
20877
20880
20881
20900
20902
21100
21112
21203
21206
21291
21959
22264
22443
23021
23110
23121
23198
23725
23797
23875
24133
25507
