23893
23939
23963
24705
24713
24905
24951
24980
25068
25119
25176
25307
25353
25359
25427
25473
25490
25519
25563
25564
25567
25576
25580
25602
25629
25698
25720
25731
25783
25838
25865
25939
25997
26018
26168
26178
26184
26193
26226
26234
26282
26283
26284
26300
26357
26380
26395
26473
26478
26548
26554
26556
26567
26571
26654
26663
26685
26737
26764
26785
26852
26855
26873
26949
27143
27387
27574
27580
27622
27886
28071
28388
28394
29063
