23491
23602
23966
24007
24042
24093
24112
24120
24167
24213
24222
24235
24241
24290
24302
24313
24314
24345
24352
24363
24366
24401
24447
24476
24488
24505
24517
24550
24589
24606
24617
24671
24673
24692
24710
24726
24727
24731
24746
24811
24820
24829
24876
24877
24886
24889
24909
24910
24912
24917
24923
24956
24961
24971
24990
24993
25016
25038
25042
25051
25061
25064
25077
25089
25098
25102
25114
25154
25269
25270
25356
25357
25402
25404
25428
25435
25450
25453
25565
25569
25579
25822
