16260
19431
20471
20479
20806
21032
21101
21102
21190
21194
21237
21274
21282
21286
21294
21406
21419
21469
21511
21512
21515
21544
21550
21557
21588
21590
21593
21598
21600
21601
21602
21646
21648
21671
21679
21733
21765
21766
21767
21793
21796
21807
21811
21812
21814
21818
21819
21826
21829
21867
21868
21869
21872
21875
21876
21889
21908
21914
21930
21987
21992
21993
22021
22030
22081
22082
22084
22089
22156
22158
22251
22252
22321
22476
22984
23061
23118
23483
23965
24134
24777
26321
