16681
17828
18142
18143
18190
18232
18485
18662
18689
18691
18703
18731
18755
18795
18812
18890
18894
18895
18906
18915
18916
18917
18919
18921
18922
18934
18942
18943
18950
18959
18970
18985
18986
18989
19004
19005
19010
19011
19014
19015
19019
19020
19024
19030
19053
19092
19094
19095
19158
19159
19161
19180
19183
19214
19260
19311
19316
19325
19329
19334
19338
19351
19392
19404
19419
19582
19644
19661
19673
19772
19775
19927
19943
20783
21187
21584
22086
22096
23002
23077
23092
23096
23178
23218
24132
24251
