24480
25175
25491
25730
25754
25912
26074
26176
26454
26481
26502
26536
26552
26553
26683
26693
26728
26739
26759
26872
26890
26994
27521
27601
27605
27621
27628
27706
27727
28002
28005
28078
28178
28531
28695
28700
28812
28897
28938
28953
28984
29053
29197
29271
29353
29402
29955
30082
30100
30106
30153
30154
30332
30476
30546
30589
30898
30911
30968
30986
31098
31113
31169
31171
31351
31487
31517
31761
31828
32055
32093
32471
32542
32680
32688
32696
32754
32766
