22024
22583
22602
22901
23070
23089
23090
23261
23359
23413
23505
23510
23512
23528
23544
23554
23561
23563
23597
23600
23751
23755
23757
23772
23820
23822
23829
23847
23854
23864
23889
23896
23899
23915
23921
23924
23925
23928
23933
23935
23937
23938
23945
23955
23962
23970
23976
23980
23985
23992
24011
24017
24018
24019
24020
24021
24030
24035
24037
24041
24065
24091
24099
24121
24136
24144
24145
24148
24157
24158
24209
24210
24211
24298
24309
24373
24414
24450
24452
