14852
14865
14896
14960
14974
14975
14991
14993
14996
15000
15006
15008
15017
15054
15072
15075
15101
15102
15105
15111
15117
15123
15126
15136
15150
15154
15170
15178
15195
15197
15198
15204
15205
15228
15241
15242
15245
15249
15268
15279
15280
15288
15290
15291
15295
15334
15339
15345
15377
15387
15391
15394
15396
15406
15444
15493
15495
15504
15522
15540
15567
15662
15787
16320
16346
17032
17615
20540
22449
22685
22996
23194
23548
24581
24582
