15350
15600
15630
15693
15711
15716
15761
15765
15775
15804
15809
15813
15817
15846
15851
15865
15901
15915
15916
15919
15954
15955
15973
15974
15977
15992
15997
16027
16028
16029
16030
16032
16035
16036
16039
16040
16075
16078
16081
16083
16084
16085
16087
16092
16093
16094
16096
16097
16099
16100
16101
16102
16104
16105
16106
16156
16163
16191
16209
16232
16241
16242
16274
16334
16335
16464
16484
16487
16489
16638
16863
16897
17137
17219
17538
20541
23054
23241
23275
23392
23594
23760
23879
25317
