16661
16917
17122
17236
17328
17688
17689
17690
17700
17755
17756
17937
17949
17985
17986
18003
18036
18063
18064
18072
18075
18112
18113
18122
18136
18139
18153
18159
18160
18169
18170
18171
18174
18176
18179
18189
18192
18193
18197
18214
18227
18234
18235
18243
18272
18280
18282
18331
18401
18429
18430
18447
18452
18455
18457
18458
18463
18465
18478
18547
18548
18555
18559
18581
18635
18663
18665
18675
18695
18759
18762
19417
19418
19760
19838
20238
20490
23066
23075
23762
