18175
19819
19981
20197
20318
20388
20425
20443
20447
20464
20482
20484
20512
20513
20564
20582
20583
20613
20709
20710
20735
20758
20762
20771
20772
20787
20791
20792
20796
20797
20798
20801
20803
20807
20809
20811
20816
20817
20818
20832
20834
20843
20849
20850
20851
20891
20894
20895
20897
20901
20916
20918
20937
20960
21052
21079
21103
21104
21105
21106
21109
21119
21127
21134
21142
21195
21211
21243
21277
21290
21368
21495
21881
21986
22153
22177
22267
22689
23289
23880
