15632
16275
16312
16347
16370
16515
16554
16593
16603
16623
16635
16636
16646
16648
16649
16655
16669
16679
16680
16693
16697
16718
16728
16729
16731
16733
16735
16736
16753
16754
16769
16770
16782
16783
16790
16792
16812
16816
16838
16845
16856
16857
16866
16868
16870
16889
16890
16891
16894
16895
16896
16900
16924
16926
16937
16946
17006
17029
17031
17033
17055
17125
17153
17187
17205
17212
17216
17221
17222
17239
17585
23042
23055
23099
23247
23270
23276
23375
23759
