24003
24004
24015
24077
24095
24107
24214
24218
24304
24357
24364
24466
24478
24504
24536
24548
24611
24669
24708
24715
24722
24791
24816
24846
24871
24897
24908
24957
24960
24963
24974
24981
24991
24996
24998
25056
25069
25104
25113
25141
25217
25242
25264
25311
25360
25369
25370
25416
25419
25420
25439
25467
25470
25471
25474
25574
25662
25693
25701
25724
25749
25775
25787
25835
25948
25949
25952
26035
26065
26081
26231
26244
26311
26338
