15211
18907
18908
18936
18946
18952
18966
18982
18983
18999
19008
19022
19029
19054
19057
19102
19104
19145
19188
19223
19254
19350
19352
19355
19360
19362
19376
19380
19386
19388
19391
19393
19397
19399
19402
19405
19409
19410
19411
19412
19416
19473
19474
19475
19478
19479
19481
19484
19543
19544
19589
19593
19621
19659
19667
19724
19725
19744
19745
19746
19749
19761
19763
19806
19808
19818
19878
19882
19884
19907
19916
19917
20157
22237
23050
23056
23057
23211
23240
24782
25829
26320
26820
