13724
14180
14432
14819
14874
14912
14920
14947
15129
15248
15333
15335
15349
15397
15502
15508
15510
15511
15553
15555
15564
15573
15585
15587
15618
15622
15635
15678
15681
15684
15686
15687
15688
15690
15691
15694
15696
15702
15703
15705
15706
15708
15712
15713
15731
15732
15747
15750
15751
15752
15753
15754
15768
15792
15796
15808
15827
15837
15839
15841
15847
15887
16002
16337
20911
22404
22475
22686
22687
22983
23015
23112
23266
25827
26808
26810
