18984
19398
19400
19487
19665
19675
19711
19773
19828
19848
19850
19872
19885
19920
19922
19972
19975
19982
19984
19986
19987
19988
19989
19996
20010
20012
20014
20015
20019
20056
20060
20122
20176
20177
20180
20185
20186
20190
20193
20205
20207
20213
20226
20243
20287
20288
20315
20316
20354
20361
20366
20373
20391
20394
20397
20460
20461
20462
20468
20472
20473
20493
20500
20504
20505
20508
20510
20547
20552
20568
20591
20627
20637
20662
20664
20761
20917
22451
22988
23116
23176
23187
23188
23195
23200
23210
23325
