16581
16678
17705
18077
18141
18461
18486
18528
18556
18670
18671
18677
18690
18692
18693
18712
18715
18721
18724
18730
18734
18749
18758
18776
18777
18791
18799
18800
18801
18805
18806
18807
18832
18859
18865
18869
18871
18879
18880
18887
18888
18889
18896
18897
18898
18901
18918
18920
18939
18956
18957
18960
18962
18963
18967
18968
18998
19006
19018
19021
19056
19255
19256
19257
19318
19321
19638
19766
20398
20636
21582
21757
21896
22452
22982
23115
