8423
21145
21180
22007
22023
22215
22586
22589
22908
22923
22925
22942
22957
22958
22993
23071
23073
23132
23260
23263
23358
23363
23365
23465
23475
23487
23501
23508
23514
23553
23574
23613
23614
23727
23749
23753
23756
23771
23777
23779
23780
23781
23782
23783
23787
23788
23789
23790
23791
23792
23793
23802
23817
23821
23825
23827
23828
23849
23857
23862
23863
23900
23908
23916
23920
23951
23956
23969
23978
23979
23993
24031
24038
24050
24059
24066
24071
24101
24123
24140
24204
24205
24721
25506
26818
