17601
19826
20509
20572
20674
20759
20779
20804
20899
21099
21110
21114
21122
21126
21128
21201
21202
21204
21205
21226
21228
21238
21247
21248
21251
21266
21270
21272
21280
21281
21284
21289
21292
21371
21401
21403
21480
21491
21497
21509
21510
21514
21547
21548
21552
21589
21592
21599
21674
21680
21704
21705
21718
21719
21747
21797
22097
22104
22106
22110
22121
22155
22179
22244
22260
22413
22969
22970
23117
23239
24074
24089
25406
