23894
24105
24417
24508
24511
24594
24632
24643
24810
24845
24896
24950
24952
24953
24973
24986
25006
25050
25065
25067
25071
25072
25086
25096
25110
25144
25159
25253
25262
25263
25372
25414
25431
25434
25479
25485
25492
25515
25571
25582
25694
25777
25839
25847
25872
25898
25951
26002
26025
26052
26097
26137
26209
26233
26353
26361
26381
26386
26393
26396
26399
26400
26402
26480
26493
26519
26531
26635
26652
26661
26726
26727
26734
26738
26870
26926
27133
27175
27518
28391
